# Created by Octave 6.3.0, Thu Oct 07 15:24:35 2021 GMT <unknown@FMALTA-DESKTOP>
# name: solucaoinicial
# type: matrix
# rows: 14
# columns: 18
 1 3 1 2 100 1 15 105 157 16 4 1 4 1 1 -1 -1 -1
 2 5 1 3 101 156 4 104 156 5 2 1 3 6 1 -1 -1 -1
 3 8 156 1 102 166 7 7 158 8 9 1 14 44 142 -1 -1 -1
 3 8 156 6 103 159 8 10 1 7 7 158 14 44 142 -1 -1 -1
 6 15 1 19 45 1 10 11 1 107 11 166 5 14 1 -1 -1 -1
 6 13 1 9 12 157 1 16 158 106 1 165 11 17 158 -1 -1 -1
 18 46 158 12 21 157 5 24 1 13 20 1 11 25 159 -1 -1 -1
 1 19 159 5 18 1 13 23 1 13 22 1 -1 -1 -1 -1 -1 -1
 20 47 1 -1 -1 -1 8 26 1 5 27 1 7 28 1 7 108 156
 10 29 1 21 48 1 21 48 1 15 49 1 5 27 1 15 109 1
 10 35 1 5 36 1 13 32 1 12 31 1 10 111 165 6 34 1
 4 30 1 13 32 1 2 37 159 8 33 1 12 110 156 6 34 1
 14 43 157 4 39 158 14 42 1 11 40 157 8 41 157 9 38 157
 14 43 157 4 39 158 14 42 1 11 40 157 8 41 157 9 38 157


